15885,34320
15886,34321
15887,34324
15890,34327
15891,34332
15892,34331
15893,34335
15895,34341
15896,34344
15897,34345
15899,34346
15902,34352
15903,34355
15904,34356
15906,34360
15907,34358
15908,34359
15909,34362
15911,34364
15912,34365
15913,34367
15914,34368
15915,34372
15917,34377
15919,34383
15920,34379
15921,34380
15922,34381
15923,34384
15924,34382
15925,34386
15932,34389
15933,34393
15935,34394
15936,34395
15937,34396
15938,34398
15941,34401
15942,34403
15943,34405
15944,34412
15947,58937
15949,34415
15954,34418
15956,34423
15957,34424
15958,34428
15959,34430
15960,34429
15961,34432
15962,34436
15963,34438
15964,34443
15965,34446
15966,34452
15968,34460
15969,34461
15970,34462
15971,34464
15972,34465
15973,34470
15974,34473
15978,34479
15979,34482
15981,34483
15982,34485
15983,34489
15984,34491
15986,34494
15987,34493
15988,34496
15991,34497
15992,34500
15993,34502
15994,34503
15995,34504
15997,34512
15998,34515
15999,34517
16002,34525
16004,34527
16006,34531
16007,34528
16008,34529
16009,34530
16010,34536
16013,34538
16015,34543
16019,34547
16020,34549
16021,34552
16022,34553
16023,34554
16024,34556
16025,34562
16032,34570
16033,34577
16035,34583
16037,34586
16040,34593
16045,34598
16046,34600
16047,34601
16048,34603
16049,34607
16051,34609
16052,34610
16053,34611
16054,34613
16055,34619
16056,34622
16057,34621
16058,34625
16059,34627
16060,34632
16061,34634
16062,34635
16063,34636
16064,34640
16065,34644
16066,34646
16067,34647
16070,34650
16072,34656
16073,34659
16074,34662
16075,34664
16077,34667
16078,34671
16079,34670
16080,34669
16081,34673
16084,59780
16085,34676
16086,34678
16087,34681
16091,34684
16092,34682
16093,34685
16094,34687
16095,34689
16096,34690
16097,34691
16098,34693
16100,34694
16101,34702
16102,34721
16103,34722
16104,34723
16105,34725
16112,34729
16117,34745
16118,34748
16121,34750
16122,34752
16123,34753
16124,34751
16125,34758
16128,34765
16130,34769
16134,34775
16135,34773
16136,34771
16139,34772
16140,34774
16141,34777
16142,34779
16143,34782
16145,34786
16146,34789
16148,34791
16149,34788
16150,34796
16151,34797
16152,34787
16153,34792
16154,34790
16155,34795
16156,34793
16157,34794
16158,34799
16161,55328
16162,34801
16163,34805
16164,34803
16165,34807
16167,34809
16168,34815
16169,34814
16170,34819
16171,34825
16173,34827
16174,34832
16176,34835
16177,34834
16179,34837
16180,34836
16181,34838
16182,34841
16183,29606
16186,34852
16187,34854
16188,34855
16189,34856
16190,34858
16195,34863
16197,34864
16198,34865
16199,34867
16200,34871
16201,34870
16202,34873
16203,34874
16204,34876
16205,34875
16206,34879
16208,34881
16209,34882
16210,34885
16211,34888
16213,34890
16217,34896
16218,34895
16220,34894
16221,34893
16222,34900
16226,34903
16228,32705
16229,34905
16230,34907
16231,34904
16232,34909
16234,34911
16235,34913
16236,34916
16246,57130
16250,31631
16260,31633
16263,34920
16264,34922
16265,34923
16266,34924
16267,34926
16268,29420
16269,34929
16270,34931
16271,34934
16273,34937
16274,29414
16275,34938
16276,34940
16280,32840
16282,54220
16288,34941
16289,34943
16291,34952
16294,34954
16295,34958
16296,34960
16297,34961
16298,34963
16300,54768
16301,34969
16302,34974
16303,34971
16304,34970
16308,34973
16309,34977
16314,34981
16315,34985
16316,34983
16317,34987
16322,34998
16323,35003
16324,35009
16325,35000
16326,35002
16327,35004
16328,35011
16329,35005
16336,35001
16337,35014
16338,35006
16339,35008
16340,35016
16342,35022
16344,35034
16345,35037
16346,35036
16347,35039
16348,35038
16349,35041
16351,35043
16352,35042
16353,35044
16354,35046
16355,35049
16357,35055
16358,35057
16359,35104
16360,35108
16361,35111
16362,35106
16363,35110
16364,35109
16367,35114
16373,35170
16375,35174
16380,35176
16381,35179
16382,35177
16383,35181
16384,35186
16385,35208
16389,35207
16390,35206
16393,35188
16394,35187
16395,35216
16397,35219
16398,35220
16399,35218
16400,35223
16401,35229
16403,35234
16405,35233
16411,43951
16412,35238
16414,35244
16416,35247
16417,35246
16418,35249
16420,35252
16421,35251
16422,35253
16423,35255
16424,35258
16425,35260
16426,35267
16427,35263
16431,35265
16432,35266
16433,35264
16434,35270
16436,35272
16438,35276
16439,35278
16440,35283
16442,35289
16443,35295
16444,35294
16449,35297
16451,35299
16452,35298
16453,35301
16455,35561
16456,40134
16457,35303
16458,35305
16459,35304
16460,35308
16462,35313
16464,35334
16465,35335
16467,35388
16468,35329
16469,35332
16470,35331
16473,35328
16474,35327
16475,35316
16477,35315
16478,35340
16479,35343
16480,35342
16481,35345
16482,35349
16483,35351
16486,35353
16488,35357
16489,35354
16490,35366
16491,35367
16492,35369
16493,35368
16494,35371
16496,35387
16497,35389
16498,35392
16505,35380
16506,35378
16512,35372
16513,35396
16514,35398
16515,33343
16516,35399
16519,35402
16522,35406
16523,35409
16524,35408
16525,35410
16526,35412
16528,35415
16529,35414
16530,35416
16531,35419
16538,35421
16539,35423
16540,35425
16541,35424
16542,35427
16544,35429
16546,35432
16549,35435
16551,35436
16553,35444
16555,35446
16557,35457
16559,35460
16560,35459
16561,35461
16562,35463
16564,35466
16565,35464
16566,35468
16567,35472
16568,35471
16569,35470
16572,35475
16574,35477
16575,35476
16576,35474
16577,35480
16578,35484
16579,35486
16580,35488
16581,31842
16582,35490
16583,35491
16584,35493
16588,35513
16589,35514
16590,35516
16591,35515
16592,35517
16593,35519
16595,35523
16597,35528
16598,35527
16599,35526
16600,35530
16601,35533
16602,35535
16603,35538
16604,35537
16605,44141
16606,40618
16609,35541
16613,35550
16614,35552
16616,35553
16617,35555
16618,35559
16623,35565
16626,35570
16628,35572
16631,35573
16632,35576
16633,35580
16637,35588
16638,35594
16639,35592
16640,35593
16641,35597
16646,43954
16647,35605
16649,35607
16650,35611
16659,29004
16660,35617
16662,35619
16663,35620
16664,35623
16665,35625
16666,35629
16667,35627
16670,35626
16671,35631
16673,35634
16674,35633
16675,35637
16676,35635
16677,35636
16678,35639
16683,35653
16684,35657
16685,35658
16686,35659
16687,35655
16688,35656
16689,35661
16690,35665
16691,35663
16692,35664
16693,35667
16695,35670
16696,35669
16697,35673
16698,35677
16699,35675
16700,35679
16701,35682
16702,35681
16703,35685
16705,35688
16706,35686
16710,35691
16711,35696
16712,35695
16713,35694
16714,35697
16715,35693
16716,35699
16717,35700
16718,35702
16721,35704
16722,35707
16723,35705
16724,35706
16725,35709
16726,35711
16727,53970
16728,53972
16729,53974
16730,53978
16732,53979
16733,53981
16734,53980
16735,53983
16737,53988
16738,53990
16739,51102
16740,53992
16743,53995
16745,53997
16748,54000
16750,54002
16751,49157
16752,54004
16753,54006
16759,54014
16765,54066
16767,54068
16771,54075
16772,54093
16774,54099
16775,54102
16781,58851
16783,54106
16785,54112
16789,54180
16794,54183
16796,34732
16797,54186
16798,54185
16799,54188
16800,54202
16801,54203
16803,54206
16804,54194
16805,54192
16808,54197
16809,54198
16811,54196
16812,47944
16813,54191
16814,54190
16815,54208
16817,54212
16818,54210
16820,54214
16822,54217
16823,54215
16824,54216
16825,54219
16827,54223
16829,54224
16830,54225
16831,54230
16832,54226
16833,54232
16837,54275
16845,54283
16846,54286
16847,54285
16848,54288
16849,54292
16850,54294
16852,54298
16853,54296
16854,54300
16858,32706
16861,54305
16867,54309
16869,54314
16870,48032
16871,54319
16873,54320
16874,54321
16875,54324
16876,54327
16877,54329
16879,54335
16881,54337
16882,54338
16883,54341
16887,54346
16888,54349
16889,54352
16890,54351
16891,54353
16892,54355
16894,54356
16895,54357
16896,54359
16897,54361
16900,54360
16901,54363
16902,54365
16903,54366
16904,54368
16905,54369
16906,54371
16907,54370
16908,54373
16909,54375
16910,54377
16912,49046
16913,54384
16915,54387
16918,54392
16920,54395
16921,54394
16922,54393
16923,54397
16925,54402
16927,54403
16928,54407
16929,54411
16930,54409
16931,54413
16932,54415
16933,54417
16934,54416
16935,54420
16936,54422
16938,54424
16939,54426
16941,54427
16942,54430
16945,54437
16946,54439
16947,54443
16948,54441
16949,54445
16951,54448
16952,49987
16953,54452
16954,36872
16955,54454
16958,54520
16960,54525
16961,54523
16962,54524
16963,54522
16964,54527
16965,54529
16966,54533
16968,54539
16969,54542
16970,54541
16971,54544
16975,38443
16978,54557
16979,30523
16982,54559
16983,54561
16984,54563
16985,54565
16988,54569
16989,50780
16990,50796
16991,54572
16993,54574
16997,54576
16998,54582
16999,54589
17000,54594
17001,54591
17002,54597
17003,54590
17004,54598
17005,54596
17006,54595
17009,54592
17010,54601
17011,54606
17014,54612
17016,54619
17018,54622
17019,54620
17020,54621
17021,54624
17022,54626
17037,54634
17040,54730
17041,54644
17044,54647
17045,54648
17047,54651
17049,54652
17050,54653
17052,54656
17055,54660
17056,54664
17057,50592
17063,54678
17067,54666
17068,54683
17073,54687
17074,54688
17075,54689
17076,54691
17077,54697
17079,54699
17080,54701
17082,54704
17087,54705
17089,54707
17090,54709
17091,54708
17092,54711
17093,54717
17095,54719
17096,54721
17097,54720
17098,54724
17099,31515
17100,54723
17101,54725
17102,54727
17103,54729
17105,54738
17106,54741
17107,54742
17108,54744
17109,54748
17110,54747
17112,54746
17113,54750
17117,54760
17118,54761
17119,54764
17123,54767
17124,54770
17126,54772
17127,54775
17128,33364
17132,41495
17133,59759
17134,54782
17135,54785
17136,54784
17137,54787
17142,54789
17144,54792
17145,54791
17146,54794
17147,54796
17148,54797
17149,54799
17150,45093
17151,54803
17152,45084
17153,54800
17154,54802
17155,54807
17160,54817
17162,54819
17163,54821
17164,54822
17166,54824
17172,54880
17174,54886
17177,54890
17178,54891
17179,54888
17180,54893
17182,54894
17183,54895
17184,54896
17185,54898
17187,54903
17188,54901
17194,54905
17195,54909
17196,54907
17197,54908
17198,54911
17200,54914
17203,54916
17204,54917
17205,54919
17206,50738
17209,54921
17210,54922
17213,54925
17216,54932
17217,54935
17218,54939
17219,54937
17221,59934
17222,54941
17224,54944
17225,54943
17226,31507
17227,54946
17228,54956
17229,54957
17230,54950
17231,54951
17232,54955
17236,54948
17238,54959
17241,54968
17242,54961
17243,54963
17244,54974
17251,54980
17252,54983
17253,54985
17257,55007
17258,55009
17259,55012
17260,55011
17261,55013
17262,55015
17264,55019
17265,55017
17266,55018
17267,55021
17268,55023
17269,55024
17270,55027
17271,55029
17272,55030
17273,55031
17274,55033
17275,55035
17276,28900
17277,55036
17278,55038
17279,55039
17280,55040
17283,55043
17285,55050
17287,55052
17288,55054
17289,55055
17290,55057
17293,55056
17294,55060
17301,55061
17303,55078
17306,55081
17307,55083
17309,55086
17310,55089
17311,55088
17312,55091
17316,43828
17318,41977
17322,55094
17323,55092
17324,55100
17326,55096
17327,55102
17329,55105
17330,55104
17331,55107
17332,55109
17335,55116
17336,55126
17337,55130
17338,55129
17339,55128
17340,55132
17342,55145
17344,55140
17345,55144
17346,55143
17347,55135
17351,55134
17352,55133
17353,55153
17355,55157
17357,55159
17358,55163
17359,55180
17362,55178
17363,55177
17365,55175
17370,55165
17371,55164
17372,55183
17374,55189
17375,55195
17376,55197
17377,55198
17378,55200
17379,55203
17381,55202
17382,55206
17383,55210
17384,55211
17385,44803
17387,44804
17388,55214
17391,55216
17393,55220
17394,55222
17395,55224
17398,55229
17399,55238
17400,39208
17402,55252
17404,36916
17405,55257
17406,55259
17407,55260
17408,55264
17410,55266
17413,55267
17414,55270
17416,55274
17418,55276
17419,55277
17425,55280
17426,55284
17427,55282
17430,55286
17434,55289
17435,55291
17436,55296
17437,55292
17439,55297
17442,55300
17444,55302
17445,55303
17446,55304
17447,55308
17448,55307
17449,55306
17450,55310
17451,55312
17452,55314
17454,55315
17455,55317
17457,55322
17470,55325
17471,55329
17472,55331
17476,55338
17485,55347
17486,55341
17487,55340
17488,55352
17492,55357
17493,55361
17495,55369
17500,55371
17501,55373
17502,55374
17503,55375
17504,55377
17505,55379
17506,55383
17510,55386
17511,55385
17512,55389
17513,55391
17514,55392
17515,55394
17517,55396
17518,55398
17519,55399
17521,55400
17522,55402
17524,55404
17526,55405
17528,55407
17529,55409
17530,55412
17539,55417
17543,48889
17548,55421
17549,55422
17550,55423
17551,55425
17552,55428
17553,33451
17554,55430
17558,55448
17559,55451
17561,55454
17563,55457
17564,55456
17565,55459
17566,55460
17567,55461
17568,55463
17569,55462
17571,55465
17573,55466
17574,31052
17575,55467
17576,55469
17578,55471
17579,55473
17580,55474
17581,55475
17582,55472
17583,55477
17584,55479
17585,55478
17586,55480
17587,55482
17589,55485
17593,55488
17594,55490
17595,55491
17596,55492
17597,55493
17602,55499
17603,55495
17604,36682
17605,55497
17606,55502
17607,55504
17611,55498
17613,55507
17617,55511
17618,55516
17619,55520
17620,55518
17621,55522
17622,55525
17623,55529
17624,55531
17625,55537
17626,55540
17627,55543
17628,55547
17629,55546
17630,55548
17631,55550
17637,55556
17638,29466
17639,55552
17640,55557
17641,55553
17642,55563
17644,55565
17646,55568
17652,55575
17653,55577
17654,55581
17655,55580
17656,55579
17657,55578
17658,55583
17659,55587
17683,55591
17685,55592
17687,55596
17689,55598
17690,55597
17691,55599
17692,55601
17695,55603
17696,55607
17699,55611
17700,55617
17702,55620
17705,55667
17706,55669
17708,55670
17709,55671
17710,55673
17713,55686
17714,55688
17715,55692
17718,55721
17719,55724
17720,55723
17721,31608
17722,55726
17723,55732
17724,55729
17725,55730
17726,55734
17728,55736
17729,55738
17731,55740
17732,34565
17733,55744
17734,55745
17735,55749
17736,55751
17737,55757
17738,55759
17739,55758
17742,55762
17744,55764
17745,55768
17746,55767
17747,55770
17749,33028
17752,55782
17753,55785
17754,55787
17756,49190
17758,55791
17760,48054
17761,35226
17762,55794
17763,55798
17765,55803
17766,55807
17768,55810
17769,55809
17770,55808
17771,55812
17773,55814
17779,55860
17780,55862
17781,55863
17782,55865
17785,55867
17787,55870
17788,55872
17789,44722
17790,55877
17792,52662
17794,55881
17795,55882
17796,55883
17797,55884
17798,55885
17799,55887
17801,55889
17802,55893
17803,55891
17804,55892
17805,55895
17823,55898
17825,55902
17826,55901
17827,55904
17828,55910
17830,55913
17831,55912
17832,55914
17833,55916
17840,55918
17841,55927
17842,55921
17845,55929
17846,55930
17847,55931
17848,55933
17862,56359
17871,55938
17873,55944
17875,55947
17876,55949
17878,55950
17879,55952
17880,55951
17881,55954
17883,43027
17893,55967
17894,55970
17895,55972
17896,55973
17897,55975
17898,55976
17899,55977
17900,55979
17901,55981
17902,55984
17903,55983
17904,55986
17906,55989
17907,55990
17908,55995
17909,55991
17910,55994
17911,55996
17912,55993
17913,55997
17917,55999
17918,55998
17919,56003
17920,56006
17923,56005
17924,56008
17925,56010
17926,56011
17927,56013
17929,56015
17930,56016
17931,56018
17932,56020
17933,56023
17937,56058
17938,56064
17941,56065
17942,56066
17943,56069
17944,56071
17946,56073
17947,56072
17948,56075
17951,49755
17953,56079
17954,56081
17955,56083
17958,56085
17959,56089
17962,56091
17963,56098
17964,56096
17965,56094
17966,56099
17967,56100
17968,56092
17969,35236
17970,56095
17971,56097
17972,56102
17974,56106
17975,56109
17977,56114
17979,56116
17983,56115
17986,56130
17988,56132
17989,56133
17990,56135
17991,56137
17992,56140
17993,56139
17994,56142
17998,56148
17999,56150
18000,56151
18001,56152
18002,56154
18003,56156
18004,56158
18005,56160
18006,56161
18007,56163
18008,56169
18016,56171
18017,56173
18018,47684
18019,56175
18020,56178
18021,56180
18022,56182
18027,56188
18028,56191
18029,56195
18030,56196
18031,56198
18032,56200
18034,36938
18036,56204
18041,56208
18042,56210
18043,56212
18044,56215
18049,56217
18050,56220
18051,56225
18052,56226
18053,56233
18064,56237
18066,56239
18067,56241
18069,56243
18070,56246
18074,56245
18075,56248
18076,56255
18078,56260
18080,56263
18085,56261
18086,56271
18087,56274
18088,56276
18091,56278
18096,56281
18100,60153
18101,56294
18103,56296
18104,56299
18106,56301
18108,56304
18109,56303
18110,56305
18111,56307
18112,56313
18113,56318
18114,56320
18116,56325
18117,56323
18118,56327
18119,56329
18120,56332
18121,56336
18122,56334
18123,56335
18126,56337
18127,56339
18129,56343
18130,56342
18131,56341
18132,56345
18134,56347
18135,56349
18136,56350
18137,57875
18138,56351
18139,56353
18140,56356
18141,43910
18142,44600
18143,34095
18146,56362
18148,56364
18149,56365
18150,56366
18151,56368
18152,56370
18153,56373
18154,56372
18155,56376
18162,59816
18164,56381
18166,59822
18167,59817
18168,56387
18169,56389
18170,56391
18173,56395
18174,56396
18175,56400
18176,56443
18178,56446
18180,56448
18181,45982
18182,56449
18186,48822
18187,56451
18188,56453
18189,56454
18190,56456
18191,56455
18192,56457
18193,56459
18197,56464
18202,56466
18203,56470
18204,56473
18205,56474
18213,56478
18214,56481
18215,56479
18216,56483
18220,36102
18221,56496
18222,56491
18223,56492
18224,56500
18226,56505
18227,54934
18228,56502
18229,56504
18230,56503
18231,44985
18232,56507
18233,56513
18234,56515
18236,56516
18239,56517
18241,56519
18242,56518
18243,56520
18247,56527
18249,56526
18252,56522
18253,56521
18254,56543
18256,56548
18262,56553
18264,56549
18265,56550
18266,56555
18269,56564
18270,56565
18275,56572
18276,56574
18277,56575
18280,56579
18281,56581
18282,56583
18284,56586
18285,56585
18286,56587
18287,56588
18289,56591
18291,56594
18292,56595
18293,56593
18294,56597
18295,56598
18296,56599
18298,55697
18299,56602
18300,56608
18301,56609
18302,56610
18303,56612
18304,56614
18305,56615
18306,56618
18308,56621
18309,56623
18311,56648
18312,56650
18313,56651
18314,56652
18315,56655
18319,56664
18321,56667
18322,56666
18323,56665
18324,56669
18325,56675
18326,56679
18327,56686
18328,56690
18330,56693
18332,56695
18333,56697
18338,56702
18339,56704
18340,56705
18343,56708
18352,56711
18353,56715
18354,56714
18355,56713
18356,56717
18357,56720
18358,56722
18359,56724
18361,56727
18362,56731
18363,56734
18364,56732
18365,56733
18366,56736
18367,56742
18368,56746
18372,56752
18373,56758
18374,56757
18377,56755
18378,56759
18379,56761
18380,56763
18381,56765
18382,56764
18383,56768
18387,53161
18388,56775
18390,61546
18393,61563
18396,56777
18398,56780
18399,56779
18400,56782
18402,56784
18403,56785
18404,56787
18405,56789
18406,56793
18408,56799
18410,29523
18411,29518
18412,56797
18413,56798
18414,56800
18415,56801
18416,56803
18418,56807
18423,56811
18424,56815
18425,56814
18426,56817
18431,56822
18435,56821
18437,56829
18438,56830
18441,56831
18442,56833
18443,56832
18444,56836
18449,56845
18450,56850
18451,56847
18452,56848
18453,48537
18454,56849
18455,56852
18458,56854
18459,56856
18461,56857
18462,56860
18465,56862
18466,56863
18467,56864
18468,56865
18469,56866
18470,56868
18471,56870
18472,56871
18474,56873
18476,56877
18480,56890
18481,56880
18482,56878
18483,56879
18484,56894
18485,56893
18487,56884
18489,56888
18490,56876
18491,56882
18492,56896
18494,56897
18495,56898
18496,56900
18500,56906
18501,56909
18502,56910
18503,56908
18504,56916
18505,56914
18506,49475
18507,56913
18508,56918
18511,56920
18514,56921
18515,56924
18516,56927
18517,56929
18518,56928
18519,56931
18520,56936
18521,56939
18522,56938
18523,56941
18524,56943
18525,56944
18527,56947
18528,56951
18530,56956
18534,56959
18535,56964
18537,56967
18538,56972
18543,56969
18544,56970
18545,56975
18554,56978
18556,56980
18557,56981
18558,56982
18560,56987
18563,56989
18565,56991
18566,56993
18567,56994
18568,56995
18569,56997
18570,56999
18571,45501
18572,57000
18573,57002
18577,57008
18579,57014
18581,57023
18584,57032
18587,57035
18591,57039
18594,47291
18595,57037
18596,57038
18597,57047
18598,57050
18599,57048
18600,57049
18601,57052
18605,57055
18606,57063
18607,57059
18611,57062
18619,37889
18620,57060
18621,57070
18623,57071
18624,57072
18626,57074
18627,57077
18628,57078
18629,57080
18634,57082
18638,57085
18639,57091
18640,57088
18641,57087
18642,57092
18643,57100
18644,57102
18646,57105
18649,57110
18651,57112
18652,48310
18653,57114
18654,57113
18655,57111
18656,57143
18661,57150
18662,57153
18664,57160
18667,57163
18670,57167
18671,57171
18673,57173
18679,57178
18682,38237
18683,57180
18684,57182
18688,57190
18689,57194
18690,57192
18691,57193
18692,57196
18693,57199
18694,57200
18695,57202
18696,57205
18697,57206
18698,57208
18700,57211
18701,57212
18702,57210
18703,57214
18704,57217
18705,57220
18707,57222
18708,57226
18709,57224
18710,57225
18711,57229
18712,57227
18713,57228
18714,57231
18719,57234
18720,57235
18721,57239
18723,57243
18724,57241
18725,57242
18726,57245
18731,57248
18732,57254
18741,57267
18742,57266
18743,57269
18744,57271
18745,57273
18746,57274
18747,57276
18749,57279
18750,57280
18751,50768
18753,57286
18754,57287
18755,57285
18756,57289
18758,57292
18759,57290
18760,57291
18761,57294
18768,45991
18769,57301
18771,57303
18772,57305
18773,57307
18776,57312
18778,57314
18780,57316
18781,57318
18782,57320
18783,57321
18784,57323
18786,57328
18789,57326
18790,57330
18793,57331
18794,57334
18797,57336
18798,52085
18800,57342
18804,47137
18806,47139
18807,47142
18809,47149
18813,47154
18816,47158
18817,47168
18818,47170
18819,47172
18820,47176
18821,47174
18822,47175
18823,47178
18825,47180
18826,47181
18827,47183
18829,47187
18830,47185
18831,47186
18832,47192
18836,47194
18837,47197
18838,47196
18839,47199
18840,47201
18842,47200
18845,47210
18846,47212
18847,47214
18848,47213
18849,47216
18850,47220
18852,47222
18853,47224
18854,47223
18855,47226
18857,47234
18859,47236
18860,47237
18861,47239
18864,47241
18865,47243
18866,47245
18867,47247
18868,47248
18869,47250
18870,47252
18871,47253
18872,47254
18873,47255
18874,47259
18876,47264
18878,47263
18879,47262
18880,47266
18881,47279
18882,47281
18884,47284
18885,47283
18886,47285
18887,47287
18893,47317
18895,47320
18896,47321
18897,47319
18898,47324
18902,47329
18903,47333
18904,47332
18905,47331
18906,47335
18907,47334
18908,47338
18909,47339
18910,47343
18912,47345
18913,47347
18914,47348
18915,47350
18917,47368
18918,47370
18919,47371
18920,47373
18921,47375
18922,47377
18926,47382
18927,47385
18928,47393
18929,47396
18930,47399
18931,47402
18932,47409
18934,47414
18935,47411
18936,47413
18937,47416
18938,47417
18939,47418
18941,47423
18942,47426
18943,47425
18944,47429
18945,29559
18948,47432
18949,47438
18953,47442
18954,47446
18955,47445
18956,47448
18958,47451
18959,47453
18961,47455
18962,47457
18963,47456
18964,47459
18967,47461
18968,47463
18969,47462
18970,47467
18972,47469
18973,47471
18976,47470
18979,47474
18983,47511
18988,47513
18990,47519
18993,47521
18994,47523
18995,47527
18997,47530
18998,47531
18999,47529
19000,47533
19002,47537
19005,47540
19006,47541
19007,47546
19008,47549
19009,47550
19010,47555
19012,47557
19014,30869
19035,47564
19036,47567
19037,47566
19038,47569
19042,47572
19043,47573
19044,47574
19045,47577
19046,47580
19048,47587
19052,47590
19053,47593
19054,47594
19055,47595
19056,47592
19057,47597
19058,47601
19059,47600
19060,47603
19062,47605
19063,47606
19064,47608
19065,47609
19066,47610
19067,47611
19068,47613
19070,47617
19072,47621
19073,47626
19074,47627
19075,47630
19076,47629
19077,47628
19078,47632
19079,47638
19081,47640
19082,47641
19084,47644
19086,47647
19087,47645
19088,47649
19089,47650
19090,47651
19091,34467
19094,47653
19097,47659
19099,47661
19100,47662
19101,47660
19102,47664
19105,47669
19106,41622
19110,47674
19112,47676
19120,47682
19122,47686
19123,47688
19124,47694
19132,47698
19134,47699
19135,47700
19142,47702
19143,47710
19144,47705
19145,47714
19146,47718
19148,47720
19149,47719
19150,47723
19151,47725
19152,47726
19153,47728
19159,47731
19160,47732
19161,47734
19162,47733
19163,47736
19166,47737
19167,47742
19168,47745
19169,47747
19170,47749
19175,47766
19176,47767
19180,47769
19181,47772
19182,47773
19183,47776
19184,47774
19185,47775
19186,47778
19187,31294
19188,47780
19189,47781
19190,47783
19192,47785
19193,47786
19194,47789
19195,47792
19196,47791
19197,47793
19198,47795
19199,47800
19200,47801
19201,47802
19202,47798
19203,47799
19204,47805
19205,47806
19206,47807
19207,47808
19208,47809
19209,47811
19210,47813
19213,47815
19214,47818
19216,47821
19217,47822
19218,47820
19219,47824
19220,47827
19221,47831
19222,47829
19223,47833
19224,47835
19225,47836
19226,47837
19227,47839
19228,47842
19229,47843
19230,47845
19234,47848
19238,44979
19239,46000
19242,39242
19244,47861
19247,47854
19248,57116
19251,50147
19252,47863
19253,47855
19257,47868
19258,47870
19260,47873
19262,47875
19263,47876
19264,47877
19265,47879
19266,47881
19267,47882
19268,47883
19269,47885
19271,47888
19272,47889
19273,47890
19274,47892
19275,47896
19276,47895
19278,47898
19284,47902
19285,47904
19286,47906
19287,47910
19288,47919
19291,33203
19292,47912
19293,47916
19294,47914
19295,47917
19296,47915
19297,47913
19298,33202
19299,47921
19300,47924
19301,47923
19302,47922
19303,47926
19305,47927
19307,47933
19308,47930
19309,47932
19311,44933
19314,47936
19316,47940
19318,47942
19319,47943
19322,47946
19324,47947
19325,47948
19326,47949
19327,47951
19328,47954
19329,47964
19330,47962
19331,47963
19332,47970
19333,47978
19338,47980
19340,47982
19341,47986
19350,47993
19354,47990
19355,47988
19356,47991
19357,47992
19358,47995
19359,47998
19361,48000
19362,48001
19363,48002
19364,48004
19366,48006
19368,48010
19369,48015
19371,48014
19372,48013
19374,48017
19376,48019
19379,48021
19381,48023
19382,48027
19383,48026
19384,48025
19385,48029
19386,48030
19387,48034
19388,48038
19389,48036
19390,48037
19396,48040
19401,48049
19402,48051
19403,48053
19404,48055
19405,48057
19406,48062
19407,48060
19408,36654
19409,48063
19410,48059
19411,48065
19413,48068
19416,48069
19417,48071
19422,48076
19423,48077
19424,48079
19425,48082
19426,48085
19427,48090
19428,48092
19429,48093
19430,48094
19431,48096
19432,51923
19434,51974
19437,48100
19438,48097
19439,48105
19440,48108
19441,48107
19442,48106
19443,48110
19446,48114
19448,48118
19449,48116
19450,48120
19451,48124
19452,33187
19453,48122
19454,48125
19458,48128
19466,48133
19470,48144
19471,48147
19472,48149
19473,48155
19474,48152
19475,48151
19476,48156
19477,48154
19478,48158
19479,48157
19480,33293
19481,48153
19482,48160
19483,37190
19485,48163
19486,48170
19489,48169
19490,48174
19491,48176
19492,48177
19493,48179
19494,48181
19495,48182
19496,48186
19497,48192
19499,48194
19500,48193
19501,48196
19502,48198
19503,48200
19505,48201
19506,48199
19507,48209
19509,48212
19510,48213
19511,48211
19512,48215
19513,48217
19514,48218
19515,48220
19516,48222
19517,48221
19518,48224
19519,48226
19520,48227
19521,48229
19522,48233
19523,48232
19524,48235
19525,48237
19526,48238
19527,48241
19531,48249
19534,48253
19535,48257
19536,48256
19537,48259
19540,48261
19541,48264
19542,48263
19543,48266
19544,48265
19551,48269
19552,48272
19556,48278
19557,48281
19559,48283
19563,48289
19564,48290
19565,48292
19566,48295
19567,29254
19568,48300
19569,48303
19570,48304
19571,48306
19573,48308
19574,48312
19578,48314
19580,48318
19581,48316
19582,48317
19583,48320
19585,48324
19586,48325
19587,48322
19588,48323
19589,48327
19590,48333
19593,48384
19594,48387
19595,48388
19596,48386
19597,48390
19600,48404
19601,48408
19602,48406
19603,48407
19604,48410
19608,48413
19609,48414
19610,48416
19615,48420
19617,48422
19619,48426
19620,48428
19621,48429
19622,48431
19624,48436
19626,52799
19627,48437
19628,48438
19629,48440
19630,48442
19631,48454
19632,48446
19636,36947
19637,48453
19638,48452
19643,48445
19644,48447
19645,48459
19647,48461
19648,48462
19649,48464
19650,48463
19651,48466
19652,48469
19653,48468
19654,48471
19655,48470
19656,48475
19657,48480
19659,48483
19661,48484
19662,48485
19663,48486
19664,48488
19665,48491
19667,48504
19672,48507
19674,48512
19676,43312
19677,48517
19678,48518
19680,48520
19681,48523
19683,48528
19684,48530
19685,48533
19686,48535
19687,48538
19688,48539
19689,48541
19690,48542
19691,48544
19692,48547
19693,48551
19695,48554
19696,48553
19697,48555
19706,48557
19708,48561
19709,48560
19710,48559
19711,48563
19712,48567
19713,48564
19714,48562
19715,48569
19716,48574
19717,48580
19718,48584
19719,48582
19720,48583
19724,47218
19725,48586
19727,48590
19728,48594
19729,48597
19733,48599
19734,48602
19735,48603
19736,48606
19737,48605
19738,48604
19739,48607
19740,48609
19742,48612
19743,48611
19744,48614
19746,48615
19747,48616
19748,48618
19749,48620
19750,48623
19752,48627
19753,48628
19754,48632
19755,48635
19760,48637
19764,48638
19766,48647
19767,48648
19769,48649
19770,48646
19772,48659
19774,48662
19785,48666
19786,48669
19787,48671
19788,48676
19789,48679
19790,48685
19791,48690
19793,48692
19794,48693
19795,48695
19796,48697
19797,48698
19798,48700
19802,48703
19807,48709
19808,48714
19810,48716
19811,48715
19812,48719
19814,48722
19815,48721
19816,48724
19817,42607
19820,48729
19821,48730
19822,48732
19823,48731
19824,48734
19826,48735
19827,48736
19828,48737
19829,48738
19830,48740
19831,48767
19832,48769
19833,48773
19834,48776
19835,48778
19836,48782
19837,48781
19838,48784
19844,54829
19847,58898
19849,55444
19862,48786
19864,48788
19865,48790
19866,48792
19867,48797
19871,48808
19881,48813
19883,48807
19886,52948
19889,32642
19890,48815
19891,48816
19892,48818
19893,48817
19894,48820
19895,48824
19899,34557
19901,48826
19902,48832
19910,48834
19914,48836
19916,48838
19919,48844
19920,48846
19921,48847
19924,48850
19925,32475
19929,48855
19930,48865
19933,48868
19935,48875
19936,48881
19941,48883
19943,48882
19944,45302
19946,45491
19947,48885
19949,48895
19951,48898
19953,48899
19954,48905
19955,45035
19956,48900
19957,48901
19958,48906
19959,48907
19960,48903
19961,48904
19962,48909
19963,48915
19964,48912
19965,48911
19972,48917
19973,48923
19976,48928
19979,48931
19980,48934
19981,48940
19985,48943
19986,48950
19988,48952
19989,48953
19990,48955
19992,48959
19993,48961
19995,48965
19996,48967
19997,48969
19998,48968
19999,48971
20001,52573
20004,48975
20007,48986
20009,48988
20010,48991
20011,48993
20013,48997
20016,49000
20017,49001
20018,49003
20019,49006
20020,49007
20021,49009
20023,49013
20024,49017
20025,49021
20026,49023
20027,49025
20028,49024
20029,49027
20034,49034
20037,49036
20038,49038
20039,49040
20040,49044
20041,49043
20042,49042
20043,49048
20044,49047
20045,49049
20047,49051
20048,49053
20049,49052
20050,49055
20055,49057
20056,49059
20057,49060
20058,49061
20059,49063
20060,49066
20061,49067
20062,49065
20063,49069
20064,49071
20065,49072
20066,49073
20067,49075
20069,49077
20070,49081
20072,49084
20073,49083
20074,49086
20081,49093
20083,49097
20084,49095
20085,49096
20086,49099
20088,49104
20096,49109
20098,49110
20099,49112
20100,49111
20101,49114
20102,49119
20104,49127
20106,49129
20107,49130
20108,49132
20112,49138
20113,49140
20114,49144
20119,49160
20121,49163
20122,49161
20125,49165
20126,49168
20127,49167
20128,49169
20129,49171
20130,49173
20131,49174
20132,49177
20136,49180
20137,49182
20138,49188
20144,49185
20145,49189
20148,45267
20149,34070
20150,49186
20151,49194
20153,49196
20159,49200
20160,49205
20161,49202
20162,49203
20163,49204
20168,49207
20169,37650
20174,49211
20178,49209
20181,49216
20183,49218
20187,49221
20188,49225
20189,49227
20194,49236
20197,49240
20198,49242
20199,49243
20200,49246
20201,49249
20204,49250
20205,49248
20206,49253
20208,49255
20209,49254
20210,49257
20214,49264
20215,49265
20216,49267
20219,49269
20222,49273
20223,49279
20225,49280
20226,49286
20236,49285
20237,49294
20238,49299
20241,49305
20242,49313
20243,49312
20244,49316
20246,49322
20247,49321
20248,49320
20249,49324
20251,49326
20252,49327
20253,49329
20255,49331
20259,49367
20261,49373
20262,49370
20263,49372
20264,49371
20265,49369
20266,49374
20267,49376
20268,30968
20271,49378
20279,49380
20280,49382
20286,49385
20287,49388
20288,49391
20289,49390
20290,49393
20294,49395
20295,36678
20297,49399
20298,40232
20302,49409
20303,49414
20304,49412
20305,49413
20306,49416
20308,53615
20310,44013
20311,49419
20312,49423
20313,49422
20314,49421
20315,49425
20317,49436
20320,49429
20323,49443
20327,49447
20332,49453
20333,49456
20334,49459
20335,49461
20340,49463
20341,49464
20342,49466
20344,49472
20346,49474
20347,36499
20354,49478
20355,49480
20356,49486
20357,49481
20358,49485
20359,49483
20360,49484
20361,49482
20362,49490
20363,49492
20364,49493
20365,49494
20366,49496
20367,49497
20368,49508
20369,49430
20370,49512
20372,49516
20373,49515
20374,49514
20375,49517
20379,49519
20380,49522
20382,49524
20383,49525
20384,29585
20385,49527
20387,49529
20388,49566
20389,49569
20390,49570
20391,49572
20394,49575
20395,49576
20399,49579
20401,49577
20402,49582
20407,49587
20408,49588
20409,49591
20410,49589
20411,49590
20412,28944
20415,49593
20416,60399
20422,49600
20424,43589
20425,49602
20426,49604
20427,49606
20429,49608
20430,49610
20431,49613
20432,45575
20434,49617
20435,49623
20438,49627
20439,49632
20440,49638
20441,49640
20442,49641
20443,30461
20445,49649
20449,49658
20450,49660
20457,49651
20458,49650
20459,49665
20461,49670
20462,49669
20463,49673
20465,49675
20466,49677
20467,49679
20468,49683
20469,49689
20470,49691
20471,49690
20472,49692
20473,49694
20476,49749
20477,49753
20478,49758
20479,49762
20480,49750
20481,49752
20482,49763
20484,49751
20485,49756
20486,49757
20487,49765
20488,49768
20489,49770
20493,49778
20497,49781
20498,49780
20499,37111
20500,49784
20503,49825
20505,49827
20506,49828
20507,49831
20513,49836
20515,49839
20518,49842
20519,49848
20521,49849
20523,49855
20524,49864
20525,53272
20526,49868
20529,49872
20530,49873
20531,49875
20532,49881
20536,49887
20537,49890
20538,49893
20545,49903
20546,49906
20547,49905
20548,49907
20549,49909
20550,49911
20553,49912
20554,49917
20555,49921
20556,49919
20557,49922
20558,49923
20559,49920
20560,49925
20563,49927
20568,49930
20571,49934
20572,49941
20573,49945
20574,49943
20575,57541
20576,49944
20578,49947
20580,49950
20587,49953
20589,47427
20590,49955
20591,49957
20593,49964
20595,49966
20596,49965
20597,49967
20598,49969
20599,49974
20601,49979
20602,49983
20603,59513
20606,49985
20617,49992
20621,49997
20629,33697
20630,50007
20637,40724
20638,50017
20643,50028
20648,50023
20649,50033
20650,50035
20651,50037
20652,50036
20653,50039
20654,50041
20655,50045
20658,50049
20659,50053
20660,50051
20661,50052
20662,50054
20666,50055
20667,43725
20668,50056
20669,50057
20670,50058
20673,50062
20684,50064
20685,50067
20687,50074
20689,50073
20690,50078
20693,50081
20694,50082
20695,50084
20697,50087
20698,50086
20700,50089
20702,50092
20703,50091
20704,50093
20705,50095
20706,50097
20707,50099
20708,50100
20709,50102
20710,50104
20711,50107
20712,50117
20715,50115
20716,50109
20717,50116
20718,50121
20720,50124
20721,50127
20722,50130
20723,41348
20724,50135
20725,50136
20728,50137
20729,50139
20730,50155
20734,50159
20735,50168
20739,50172
20741,50173
20746,40733
20747,40730
20748,50180
20749,40726
20750,50178
20751,40729
20752,50179
20753,50183
20754,50185
20755,50188
20757,50193
20758,50198
20762,50202
20764,50204
20765,50206
20766,50208
20767,50210
20768,50214
20769,50216
20774,50223
20775,50221
20776,50222
20777,50226
20783,30082
20785,50239
20786,50241
20787,50242
20788,50244
20790,50246
20791,50253
20793,50255
20794,50258
20795,50261
20796,50269
20797,50268
20798,50266
20799,50263
20803,50264
20804,50265
20805,50271
20807,50273
20808,50272
20809,50276
20810,50279
20811,50282
20812,50283
20813,50290
20818,50292
20820,50299
20821,50295
20822,50300
20823,50302
20824,50301
20825,50296
20827,50304
20828,50307
20829,50306
20830,50310
20831,50309
20832,50308
20833,50312
20834,50314
20835,50316
20837,50318
20838,50319
20839,50321
20840,50323
20848,50332
20849,50334
20850,50335
20851,50337
20852,50343
20853,50345
20854,50346
20855,33065
20856,50348
20857,50350
20858,50351
20861,50354
20863,36041
20864,50359
20866,50360
20867,50361
20868,50362
20869,50363
20870,50365
20871,50366
20872,50368
20873,50369
20874,50367
20875,50370
20877,50372
20878,50373
20879,50374
20880,50376
20882,50379
20883,50378
20884,50381
20893,46873
20899,50392
20903,50397
20905,50399
20906,50402
20907,50403
20908,50400
20909,50405
20913,50427
20914,50430
20917,50429
20918,50433
20919,50437
20926,50450
20927,50454
20930,50455
20931,50458
20932,50459
20933,50461
20934,50460
20935,50463
20937,50465
20938,50466
20939,42614
20940,50468
20942,50470
20943,50475
20952,50508
20954,50510
20955,50512
20956,50511
20957,50514
20958,50515
20959,50516
20960,50518
20961,50517
20962,50520
20963,50523
20964,50525
20967,50529
20968,50534
20972,50535
20973,50539
20975,50543
20976,50545
20977,50546
20978,50547
20979,50549
20980,50550
20984,50553
20985,50552
20986,50551
20987,50556
20989,50558
20990,50560
20991,50565
20993,50567
20994,50569
20995,50568
20996,50571
20997,50574
20998,50576
21003,50590
21004,50593
21005,50595
21010,50602
21016,35770
21017,50609
21023,55231
21024,50614
21025,50620
21027,50626
21030,50632
21031,50634
21032,50635
21033,50637
21043,50641
21044,50643
21047,50644
21048,50647
21049,50649
21050,50651
21051,50654
21052,50656
21053,50660
21054,50659
21055,50658
21056,50662
21062,50664
21063,50670
21065,50676
21067,50680
21068,50678
21069,50679
21070,50682
21071,50693
21076,50699
21077,50702
21078,50706
21080,50709
21081,50708
21082,50711
21084,50714
21085,50713
21086,50715
21089,50716
21090,50718
21091,50721
21092,50723
21093,50725
21095,31976
21096,50727
21097,47706
21134,55112
21163,44885
21251,42654
21257,40839
21333,42019
21366,59235
21391,38761
21414,31669
21415,33641
21456,42417
21481,41173
21563,54928
21569,35056
21607,43993
21612,60489
21710,40728
21740,58319
21763,28928
21822,61352
21943,41937
21967,46286
21981,41755
22004,49270
22039,54734
22091,29069
22109,37199
22123,44106
22174,59601
22180,51262
22200,46193
22202,32345
22230,30316
22258,41631
22264,37974
22273,35621
22301,37633
22318,45787
22343,46210
22344,46211
22346,46207
22416,60147
22420,45157
22467,32220
22470,33977
22476,50209
22507,43908
22508,61140
22525,45998
22588,33643
22630,48166
22637,37196
22700,57602
22797,36638
22820,31630
22870,45361
22874,51781
22917,47257
22936,49262
22959,43839
22976,41566
22983,43631
22987,43645
22989,43650
23031,54732
23092,59770
23104,49761
23230,37551
23277,42972
23285,42964
23287,42966
23290,44130
23294,42967
23305,32712
23310,55747
23348,57006
23356,41823
23381,32051
23404,57545
23552,41669
23556,53529
23661,57156
23740,43953
23795,34992
23835,59390
23837,59391
23841,59397
23894,38151
23965,38322
24015,56265
24046,52432
24054,52414
24198,46261
24223,51183
24226,36101
24275,35441
24299,58742
24311,46339
24318,41227
24357,38973
24505,55073
24594,37442
24600,57019
24623,29107
24651,58682
24662,41705
24664,41332
24670,41347
24713,36936
24739,46880
24762,55241
24972,35060
25050,53463
25090,37855
25107,39223
25109,59737
25110,55249
25114,39980
25157,48674
25226,42227
25250,39951
25293,37825
25339,37924
25381,51186
25397,51350
25417,51182
25424,39888
25440,41283
25441,47203
25466,49971
25539,47256
25561,43152
25599,60018
25616,60928
25631,57236
25665,48806
25721,45900
25771,53678
25772,39310
25777,52172
26019,32293
26030,53579
26083,43736
26100,51987
26158,33924
26191,52420
26223,29542
26249,33107
26274,51706
26278,39245
26298,47624
26338,43913
26443,54615
26470,50519
26487,36191
26504,50952
26557,54531
26600,30009
26646,29068
26709,59093
26716,30023
26774,48477
26780,39230
26972,29560
26988,34456
27017,42381
27033,33281
27148,40819
27178,40370
27246,44528
27247,44555
27249,44531
27252,58790
27255,44546
27256,44553
27260,44547
27261,44540
27268,44548
27269,44534
27284,51256
27305,44690
27327,35448
27346,47958
27354,34950
27475,31388
27575,58566
27581,52718
27638,53725
27661,29422
27664,37024
27674,30367
27716,51064
27717,44602
27800,29378
27801,58675
27813,44390
27847,48472
27911,46034
27937,33031
28000,30549
28038,33708
28126,54566
28162,43201
28285,32219
28299,52715
28397,30429
28438,61515
28441,50578
28457,50166
28584,34707
28595,60902
28606,39391
28610,29135
28715,37756
28721,43820
